/************************************************
 * @author Liu Yunfei
 * @stuID  BY1706126
 * @email  lyunfei@buaa.edu.cn
 * All rights reserved
 ***********************************************/
#include<iostream>
#include<cmath>
#include<vector>

using namespace std;

namespace test
{
	int g_table[8][8] = {
		{0, 14, 25, 27, 10, 11, 24, 16},
		{14, 0, 18, 15, 27, 28, 16, 14},
		{25, 18, 0, 19, 14, 19, 16, 10},
		{27, 15, 19, 0, 22, 23, 15, 14},
		{10, 27, 14, 22, 0, 14, 13, 20},
		{11, 28, 19, 23, 14, 0, 15, 18},
		{24, 16, 16, 15, 13, 15, 0, 27},
		{16, 14, 10, 14, 20, 18, 27, 0}
	};



}

int main()
{
	// Main algorithm structure here
}
